1	3	0	0	0
2	3	0	0	0
3	3	0	0	0
4	3	0	0	0
5	3	0	0	0
6	3	0	0	0
7	3	0	0	0
8	5	0	0	1
9	8	0	2	4
10	10	0	3	5
11	14	1	3	8
12	17	1	3	10
13	20	1	3	12
14	25	2	3	15
15	27	2	3	17
16	33	3	3	21
17	39	4	5	25
18	39	5	7	25
19	44	5	11	29
20	48	5	11	32
21	48	5	15	32
22	48	5	15	32
23	49	5	19	32
24	51	5	25	34
25	54	6	25	36
26	56	6	25	37
27	61	6	26	41
28	70	8	30	47
29	88	9	33	60
30	123	12	33	84
31	164	17	33	113
32	218	20	33	151
33	330	21	33	229
34	424	27	33	295
35	482	30	36	335
36	621	34	39	433
37	803	39	42	560
38	1012	46	42	706
39	1231	50	49	860
40	1572	60	49	1098
41	1838	75	58	1285
42	2144	84	66	1499
43	2456	91	75	1717
44	2948	101	85	2062
45	3382	110	87	2365
46	3772	120	92	2638
47	4186	127	108	2928
48	4689	131	112	3280
49	4998	140	113	3497
50	5416	145	122	3789
51	5913	152	131	4137
52	6462	155	139	4521
53	7103	163	150	4970
54	7667	168	160	5365
55	8238	170	174	5765
56	8790	175	177	6151
57	9455	177	1063	6616
58	10143	182	1209	7098
59	10929	183	1403	7648
60	11719	186	1403	8201
61	12425	199	1910	8695
62	13134	206	2101	9192
63	13770	214	2414	9637
64	14657	228	2650	10258
65	15691	239	2902	10982
66	16660	250	3147	11660
67	17822	269	3361	12473
68	18863	283	3361	13202
69	20065	298	3882	14043
70	20995	314	4117	14694
71	22268	328	4373	15586
72	23870	349	4585	16707
73	25121	370	4993	17583
74	26738	386	5207	18715
75	28511	408	5602	19956
76	30205	432	6190	21141
77	32078	452	6486	22453
78	33610	480	6901	23525
79	35585	501	7334	24907
80	36751	522	7579	25724
81	38292	544	7925	26802
82	40321	559	8425	28223
83	42844	582	9015	29989
84	44608	610	9375	31224
85	47153	650	9781	33005
86	49534	672	10597	34672
87	52445	709	11120	36709
88	55140	746	11590	38596
89	57563	781	12161	40292
90	60391	811	12804	42272
91	63026	846	13325	44116
92	65769	888	13903	46036
93	68504	930	14560	47951
94	71675	975	15337	50170
95	74865	1012	15900	52403
96	78052	1049	16747	54634
97	81523	1095	17249	57064
98	84379	1139	17828	59063
99	87520	1171	18730	61262
100	90619	1209	18731	63431
101	94481	1262	36264	66135
102	98489	1305	38189	68940
103	102292	1343	40164	71602
104	105535	1388	42945	73872
105	108775	1425	43993	76140
106	112306	1464	45077	78612
107	115786	1502	46755	81048
108	119198	1545	47635	83437
109	122660	1582	49666	85860
110	126606	1621	51495	88622
111	130474	1661	53133	91330
112	133978	1695	54318	93783
113	137787	1738	55727	96449
114	141801	1783	57780	99259
115	145483	1847	59624	101836
116	149258	1888	62108	104479
117	153277	1926	66442	107292
118	156391	1968	68048	109472
119	159679	1997	70721	111773
120	162417	2052	72625	113690
121	165618	2096	76149	115931
122	168645	2151	78102	118049
123	172134	2197	80838	120492
124	175494	2238	84544	122844
125	178443	2275	86406	124908
126	181129	2305	88034	126788
127	183795	2352	93614	128654
128	186894	2391	98317	130824
129	190057	2424	103227	133038
130	193590	2457	105523	135511
131	196323	2496	106963	137424
132	199357	2547	108725	139548
133	202066	2581	110098	141444
134	204525	2618	111642	143165
135	207453	2668	113556	145215
136	210510	2709	115397	147355
137	213254	2751	117202	149276
138	216110	2801	119208	151275
139	218658	2836	120976	153059
140	221178	2874	122090	154823
141	223453	2928	123882	156415
142	226225	2965	125683	158355
143	229185	3000	127414	160427
144	232194	3035	130292	162534
145	234889	3083	132960	164420
146	237661	3111	135136	166361
147	239860	3132	136253	167900
148	240746	3154	136839	168520
149	242102	3184	137905	169469
150	244020	3234	139860	170812
151	246674	3267	141750	172670
152	249651	3306	143824	174754
153	252502	3333	145584	176749
154	255113	3365	146604	178577
155	257600	3399	148370	180318
156	260507	3438	150437	182353
157	263503	3471	151972	184450
158	266498	3513	153089	186547
159	269115	3557	154871	188378
160	271881	3591	156623	190315
161	274525	3625	157635	192165
162	276549	3657	158950	193582
163	279144	3694	160591	195399
164	282344	3740	162825	197639
165	285091	3781	165738	199562
166	287959	3822	168991	201569
167	290360	3861	172615	203250
168	292625	3907	175567	204835
169	294598	3941	179091	206217
170	297083	3983	182875	207956
171	299628	4028	186756	209738
172	302147	4082	190183	211501
173	304583	4127	193458	213206
174	306794	4174	196836	214754
175	308925	4206	198863	216245
176	310822	4248	201907	217573
177	312996	4281	204887	219095
178	314946	4316	208177	220460
179	317528	4351	211016	222268
180	319686	4383	213980	223778
181	321615	4412	216191	225128
182	323565	4447	217852	226493
183	325157	4479	221275	227608
184	327359	4516	224573	229149
185	329251	4552	227809	230474
186	331078	4593	230804	231753
187	332970	4634	233550	233077
188	334762	4668	236024	234331
189	336044	4702	238271	235229
190	337520	4733	240643	236262
191	339332	4759	243155	237530
192	341056	4802	245594	238737
193	342671	4823	247969	239868
194	344264	4859	250412	240983
195	345805	4881	252335	242061
196	347372	4913	254386	243158
197	348918	4939	256565	244241
198	350621	4979	258717	245433
199	352178	5007	260790	246523
200	353844	5044	262953	247689
201	355384	5072	265092	248767
202	356767	5093	267024	249735
203	357873	5129	268777	250509
204	359148	5161	270491	251402
205	360555	5193	272073	252386
206	362043	5219	273698	253428
207	363479	5251	275487	254433
208	364987	5272	277078	255489
209	366383	5305	278627	256466
210	367565	5325	280069	257293
211	368690	5348	281656	258081
212	370132	5375	283182	259090
213	371631	5405	284833	260140
214	373151	5440	286631	261204
215	374592	5460	288316	262212
216	375870	5477	289912	263107
217	377073	5500	291365	263949
218	378266	5524	292860	264784
219	379738	5555	294391	265815
220	381275	5577	295873	266890
221	382959	5593	297449	268069
222	384559	5608	299229	269189
223	386086	5623	300738	270258
224	387295	5646	302298	271104
225	388569	5660	303972	271996
226	390206	5681	305599	273142
227	391586	5699	307141	274108
228	393131	5723	308845	275190
229	394827	5747	310532	276377
230	396413	5761	312065	277487
231	397507	5780	313563	278253
232	398815	5803	315107	279168
233	400251	5818	316600	280174
234	401586	5838	318123	281108
235	403079	5861	319733	282153
236	404760	5886	321281	283330
237	406364	5905	322703	284453
238	407684	5923	324145	285377
239	409252	5941	325940	286474
240	410988	5966	327901	287690
241	412647	5983	329787	288851
242	414164	6004	331697	289913
243	416006	6021	333588	291202
244	417475	6036	335027	292230
245	418764	6049	336568	293133
246	420238	6067	338145	294165
247	421921	6092	339768	295343
248	423620	6108	341416	296532
249	425353	6127	343131	297745
250	427198	6140	344868	299037
251	428965	6159	346387	300273
252	430496	6173	347849	301345
253	432333	6194	349542	302631
254	434472	6215	351146	304128
255	436684	6254	352895	305677
256	438795	6275	354788	307154
257	441159	6305	356722	308809
258	443434	6322	358431	310402
259	445281	6350	360352	311695
260	447341	6388	362428	313137
261	449760	6416	364611	314830
262	451990	6448	366877	316391
263	454146	6487	369179	317900
264	456438	6524	371453	319505
265	458711	6544	373676	321096
266	460619	6580	375885	322431
267	462407	6609	378172	323683
268	464932	6644	380711	325450
269	467225	6675	383224	327055
270	469423	6713	385786	328594
271	471739	6748	388379	330215
272	473991	6772	390951	331792
273	475789	6807	393408	333050
274	477545	6838	395960	334279
275	479743	6874	398623	335818
276	481945	6906	401194	337359
277	484104	6930	405966	338871
278	485965	6967	410452	340173
279	487849	6986	414318	341492
280	489178	7020	417503	342423
281	490533	7052	420896	343371
282	492332	7089	423845	344630
283	494209	7129	426729	345944
284	495841	7156	429351	347087
285	496975	7192	431590	347880
286	498293	7217	433614	348803
287	499560	7242	435601	349690
288	500713	7280	437527	350497
289	502183	7312	439694	351526
290	503501	7329	441929	352449
291	504868	7359	444345	353406
292	506102	7378	446690	354269
293	507265	7398	448803	355083
294	508099	7428	450488	355667
295	509148	7452	451961	356402
296	510080	7479	453318	357054
297	511261	7509	454563	357881
298	512496	7531	456070	358745
299	513510	7559	457459	359455
300	514500	7576	458656	360148
301	515184	7599	459620	360627
302	516019	7626	460598	361211
303	516929	7650	461515	361848
304	517920	7670	462459	362542
305	518898	7687	463480	363227
306	519905	7718	464446	363931
307	520690	7734	465279	364481
308	521382	7756	466064	364965
309	522453	7781	466801	365715
310	523302	7803	467718	366309
311	524020	7819	468681	366812
312	524910	7833	469522	367435
313	525723	7849	470405	368004
314	526485	7862	471123	368537
315	527063	7883	471756	368942
316	527632	7906	472437	369340
317	528329	7922	473173	369828
318	529031	7942	473855	370320
319	529687	7950	474472	370779
320	530271	7966	475074	371188
321	530890	7981	475561	371621
322	531326	8003	475899	371926
323	531799	8023	476413	372257
324	532401	8041	476979	372679
325	532916	8055	477426	373039
326	533444	8072	477935	373409
327	533953	8087	478546	373765
328	534407	8094	478960	374083
329	534770	8111	479297	374337
330	535139	8127	479744	374595
331	535582	8137	480216	374905
332	536107	8149	480728	375273
333	536545	8162	481306	375579
334	537030	8175	481917	375919
335	537465	8182	482424	376223
336	537770	8190	482841	376437
337	538062	8205	483372	376641
338	538378	8221	483931	376863
339	538765	8229	484573	377133
340	539153	8239	485290	377405
341	539531	8248	485971	377670
342	539975	8253	486393	377980
343	540266	8266	486767	378184
344	540592	8274	487229	378412
345	541038	8285	487870	378725
346	541434	8298	488621	379002
347	541877	8314	489254	379312
348	542268	8329	489932	379586
349	542674	8337	490468	379870
350	543024	8342	490892	380115
351	543351	8349	491367	380344
352	543717	8356	492059	380600
353	544116	8374	492887	380879
354	544544	8379	493798	381179
355	544954	8384	494755	381466
356	545424	8395	495498	381795
357	545831	8400	496107	382080
358	546216	8408	496924	382349
359	546801	8416	497797	382759
360	547316	8423	498391	383119
361	547930	8428	499627	383549
362	548549	8435	500468	383982
363	549184	8441	501144	384427
364	549724	8451	501966	384805
365	550330	8462	503003	385229
366	551175	8476	504120	385820
367	552087	8489	505349	386459
368	553105	8496	506613	387171
369	554156	8502	507920	387907
370	555222	8515	509172	388653
371	556236	8527	510310	389363
372	557395	8545	511695	390174
373	559168	8571	513127	391416
374	560887	8597	514479	392619
375	562752	8608	515989	393924
376	564939	8624	517223	395455
377	566838	8642	518841	396785
378	568706	8668	520418	398092
379	570878	8690	522105	399613
380	573687	8720	523859	401579
381	577241	8738	525694	404067
382	580808	8763	527609	406564
383	584395	8797	529594	409074
384	588132	8830	531651	411690
385	591806	8869	533622	414262
386	595714	8904	535641	416998
387	600895	8949	537718	420624
388	605937	8994	539880	424154
389	611295	9046	542099	427904
390	617764	9105	544938	432433
391	624594	9155	547411	437214
392	630277	9213	549775	441192
393	637364	9266	552482	446153
394	644439	9318	555414	451105
395	651652	9384	558383	456154
396	659278	9447	561639	461493
397	666132	9521	565030	466290
398	673594	9584	568541	471514
399	678937	9661	572378	475254
400	684756	9739	576590	479327
401	691957	9822	581113	484368
402	697985	9891	585966	488587
403	703170	9987	591299	492217
404	707362	10081	597214	495151
405	711779	10182	602908	498243
406	715252	10283	608815	500674
407	718950	10385	614936	503263
408	723221	10497	621300	506253
409	727780	10588	628111	509444
410	732060	10683	635183	512440
411	736074	10781	642449	515250
412	739703	10869	647674	517790
413	742400	10952	653151	519678
414	745322	11053	657452	521723
415	748628	11150	661693	524038
416	751659	11228	666927	526159
417	754614	11305	672319	528228
418	756955	11393	677101	529866
419	759132	11450	681426	531390
420	760584	11510	684671	532407
421	761943	11579	687328	533358
422	763682	11644	691162	534575
423	765596	11705	695032	535915
424	767338	11755	698465	537135
425	769160	11796	702163	538410
426	770842	11833	704341	539587
427	772127	11878	706833	540487
428	773513	11934	710162	541457
429	775027	11972	712277	542517
430	776257	12005	715321	543378
431	777397	12045	718249	544176
432	778687	12076	719619	545079
433	779535	12102	720471	545672
434	779796	12124	721435	545855
435	780159	12149	722036	546109
436	780857	12181	723094	546598
437	782129	12211	724209	547488
438	783737	12248	726132	548614
439	785194	12284	727510	549634
440	786698	12310	729039	550687
441	787726	12348	729798	551406
442	789080	12376	730697	552354
443	790521	12401	731531	553363
444	792196	12441	732810	554535
445	793693	12458	733866	555583
446	794985	12480	735157	556487
447	796343	12511	736221	557438
448	797386	12549	737408	558168
449	798830	12583	738805	559179
450	800540	12619	740372	560376
451	802305	12660	742151	561611
452	804293	12694	744065	563003
453	805980	12724	746035	564184
454	807867	12758	747758	565505
455	809314	12801	749425	566518
456	810990	12839	751322	567691
457	812960	12869	753240	569070
458	815282	12913	755302	570695
459	817819	12949	757569	572471
460	820395	12989	759630	574274
461	822849	13032	761916	575992
462	824486	13071	764024	577138
463	826922	13118	766266	578843
464	829972	13172	768830	580978
465	833291	13222	771073	583302
466	837247	13282	773752	586071
467	841087	13345	776466	588759
468	844970	13399	778421	591477
469	848027	13466	780146	593617
470	851668	13548	782655	596166
471	856304	13626	785482	599411
472	861150	13702	788385	602803
473	866877	13787	791553	606812
474	872935	13868	794783	611052
475	878804	13976	797559	615161
476	883138	14053	800854	618195
477	888406	14172	804103	621882
478	896770	14276	807673	627737
479	904436	14388	811700	633103
480	913258	14503	816250	639279
481	921559	14646	820913	645089
482	930042	14778	825422	651027
483	936256	14912	829199	655377
484	944917	15065	833897	661440